9.779284769618636020e+00
6.032899891193668651e+00
4.671464152847253359e+00
1.665809062019196540e+00
3.728824293844066884e-01
3.272490527083785627e-01
2.924275426505988373e-01
2.645927180030905879e-01
2.416288554931340649e-01
2.222485643217971263e-01
2.056167192932001619e-01
1.911622655731557430e-01
1.784766573190964267e-01
1.672558321835262152e-01
1.572657020384037319e-01
1.483210144173609524e-01
1.402720213846409825e-01
1.329957668294779460e-01
1.263901421313885776e-01
1.203696408096838200e-01
1.148621960327813746e-01
1.098067430669201205e-01
1.051512932531017547e-01
1.008513864624847878e-01
9.686883417931632656e-02
9.317069162880541044e-02
8.972841346704184262e-02
8.651715808976274957e-02
8.351521299019355749e-02
8.070351905182485130e-02
7.806527586733001678e-02
7.558561350447989824e-02
7.325131881916852050e-02
7.105060659125747580e-02
6.897292753392583742e-02
6.700880667835915072e-02
6.514970682264217827e-02
6.338791270433119518e-02
6.171643234910657166e-02
6.012891269491192625e-02
5.861956711826594307e-02
5.718311291864898449e-02
5.581471716590338805e-02
5.450994959926099698e-02
5.326474149707664807e-02
5.207534962367012243e-02
5.093832451199255956e-02
4.985048246491076418e-02
4.880888075912278440e-02
4.781079561850532650e-02
