1.390185479780855005e+01
3.041432422391043833e+00
2.761620042716650847e+00
2.665583469267236438e+00
2.602791477324630343e+00
2.549014839352048867e+00
2.498125609693126137e+00
2.448264898242905385e+00
2.398821356596211096e+00
2.349594631244017684e+00
2.300531558097425933e+00
2.251636086890477007e+00
2.202936654178340614e+00
2.154473533293876919e+00
2.106293325629061020e+00
2.058446053069440840e+00
2.010983238660357220e+00
1.963956421373280747e+00
1.917415933140830919e+00
1.871409897245731591e+00
1.825983443731389988e+00
1.781178139666866000e+00
1.737031623464788010e+00
1.693577422539516597e+00
1.650844926115373479e+00
1.608859481065701758e+00
1.567642578159208711e+00
1.527212098312356048e+00
1.487582592496391465e+00
1.448765573948716856e+00
1.410769806560573825e+00
1.373601578224693753e+00
1.337264952195427625e+00
1.301761992979977522e+00
1.267092965913058977e+00
1.233256511426874091e+00
1.200249796221729781e+00
1.168068644199043993e+00
1.136707650267418268e+00
1.106160280091748493e+00
1.076418958624647759e+00
1.047475149918348336e+00
1.019319430323778919e+00
9.919415567846373571e-01
9.653305315565459122e-01
9.394746643420434085e-01
9.143616325400475420e-01
8.899785400660505941e-01
8.663119750052983292e-01
8.433480662113951309e-01
2.917558559351702066e-02
