3.194766936464658613e+01 2.441299035938344275e+01 2.022931143160493406e+01
1.774290939239133280e+01 5.483820352137523457e+01 3.590361965842211589e+01
5.142495084305635800e+01 9.119533920677637795e+00 3.883135569230281448e+01
2.471613605217406828e+01 1.029991958683408981e+01 4.176970133973261312e+01
7.893815544956191310e+00 3.363521297866804360e+01 2.560261496471070686e+01
5.021257200880222626e+01 3.232740099895136154e+01 3.338681769345411965e+01
2.952790558441170532e+01 3.301226849967072496e+01 3.950681615539809854e+01
1.963685361076044700e+01 4.794916033597488081e+01 1.807810255679825318e+01
4.963157928326216961e+01 1.711848421534189413e+01 2.174329126145730484e+01
2.504257149615053635e+01 7.855673076744851713e+00 2.370052766709655856e+01
1.347053172221099615e+01 3.705108558683940601e+01 4.121929994149270726e+01
1.987669686781468670e+01 2.219913486340153597e+01 3.172443861018916778e+01
3.987723400482976643e+01 2.079009873751517645e+01 4.209511104443639340e+01
2.310416113021440765e+01 3.556096432752116954e+01 2.578939469443076149e+01
3.635086180222836560e+01 1.271170842935116596e+01 3.103051138253322705e+01
3.632788214922575776e+01 3.551828535118743702e+01 2.697317775818149244e+01
2.576461626061074028e+01 4.538164013388922768e+01 3.311135087465515880e+01
1.129657990817633362e+01 4.673195595870350871e+01 2.711963293599426095e+01
5.174554693251608484e+01 2.122588106345964576e+01 3.853842555859210961e+01
4.627280553960388687e+01 2.856964622038159263e+01 2.244213492899369911e+01
2.672252914247481215e+01 2.183883610026951061e+01 4.250153940659129859e+01
1.939248776780367933e+01 4.645658648896646525e+01 4.454046956015822900e+01
4.689652542844372363e+01 7.983314065566269768e+00 2.813684428314255825e+01
4.140323629565290275e+01 3.136801253890582331e+01 3.882423809054304797e+01
1.897585274439437697e+01 5.416932901554405078e+01 2.581185827393601073e+01
2.224151178200971302e+01 1.734051315251356584e+01 2.293557376914863610e+01
1.128407248792990281e+01 4.599302701991663156e+01 3.700849778404925416e+01
1.476299608618788284e+01 3.048183996548497277e+01 3.350393704556972807e+01
3.826183525774548144e+01 1.662351771586479643e+01 2.234880719163064455e+01
6.438358217831265051e+00 3.665482561518044946e+01 3.459350946237977809e+01
5.354508710024085616e+01 2.290977098907520215e+01 2.932096605483122431e+01
2.671306352997941858e+01 1.565928769206922766e+01 3.248885880423841854e+01
1.533302344394761363e+01 3.903073657186406109e+01 2.216283552749768404e+01
4.351286656504118611e+01 1.303344131926233018e+01 3.692752410711054978e+01
2.212142343372005726e+01 2.673968763426292128e+01 2.427315251523108586e+01
3.204163822772529358e+01 1.482832257750291660e+01 3.956977551101435608e+01
2.220794403160816799e+01 2.837922388222613534e+01 3.790298217835326255e+01
2.291374593362436585e+01 4.008188234393712435e+01 3.908304621589370242e+01
2.935742407811353871e+01 3.757683040371729533e+01 3.255257877660320531e+01
4.916966329981924844e+01 1.630809432526548974e+01 3.144785508568049437e+01
2.259337243372416282e+01 4.342765729208447567e+01 2.443423255733443966e+01
3.156061315621632701e+01 1.235056616176913380e+01 2.395392994918711338e+01
2.840890344548059332e+01 8.567257317013030615e+00 3.503960240010950855e+01
4.322936255638717284e+01 3.478849654608951880e+01 3.163633549735447659e+01
3.083234401975242989e+01 3.226892242713889658e+01 2.290899556005377491e+01
3.861880023467687550e+01 2.767975309383510307e+01 2.144081341036036292e+01
2.208824062109899700e+01 1.744447952906367760e+01 3.855170582672322865e+01
1.508552222441885249e+01 3.184990416040705341e+01 2.527147520830782668e+01
4.853273195123411909e+01 2.740678526395707948e+01 4.024777351787037105e+01
3.456478665170564568e+01 2.838030701591330285e+01 4.159985926704412407e+01
4.906730520341661617e+01 1.525386212134681685e+01 4.144825376692911334e+01
3.554667311603756019e+01 3.526436841375944198e+01 3.676568928026526351e+01
5.160405980777329660e+01 2.957590578846973273e+01 2.713889318358176084e+01
2.926005182105581426e+01 1.803137154918955076e+01 2.043772205393637265e+01
5.189939103217948002e+01 1.063888111417927185e+01 2.415705397457663750e+01
7.951384640250369173e+00 4.013157761263822465e+01 2.785269485286726621e+01
4.330186143896104767e+01 1.376411886979056476e+01 2.596689992713493567e+01
4.274499228040029664e+01 2.227295658998792049e+01 2.110584880826186094e+01
2.122593783504506604e+01 4.799063712783964775e+01 3.834077363954432371e+01
2.186626717803250131e+01 5.024807180539438178e+01 3.082911108462186789e+01
1.542131820883399129e+01 5.158086096492019124e+01 3.074670713725983262e+01
2.332378894492640597e+01 1.299282239545435758e+01 2.762332226497904486e+01
4.156129200792271661e+01 3.245267401482238512e+01 2.503708602782560888e+01
3.306976447272953834e+01 2.178645568443005942e+01 4.273399403128796337e+01
2.021798633634781694e+01 3.440507879928712498e+01 3.808711625636501452e+01
5.380861140766466377e+01 2.653030185075592229e+01 3.443655201446178182e+01
9.569097280040207210e+00 3.207537766281889446e+01 3.734477216837989033e+01
4.647002742903458028e+01 7.697969433337139122e+00 3.545298117865136334e+01
4.599495605216726091e+01 2.067320739026154541e+01 4.157063282588214292e+01
1.600603129007687286e+01 4.332879862188241304e+01 3.978260725850733337e+01
5.238750160907247277e+01 1.459153812259149952e+01 3.635822867920062862e+01
1.575254032266902016e+01 4.530009223754862546e+01 2.326762104476902238e+01
1.900182456091942740e+01 2.932806646060174316e+01 2.942224768010234115e+01
3.754035861274768848e+01 1.416410264815129061e+01 3.730320826082031971e+01
4.929343648557476598e+01 2.302435181087092175e+01 2.241487700033801644e+01
9.033765300484930094e+00 3.186757143021999283e+01 3.114033194453651276e+01
2.505821041377108216e+01 1.285322114075530919e+01 2.047690079895971493e+01
4.259495771852451185e+01 2.640893579815350378e+01 4.164904457729652165e+01
2.685070833572726201e+01 2.815172023169756343e+01 4.131825448729136241e+01
2.698761851935201506e+01 2.796114974261015362e+01 2.143100530364759848e+01
3.073941006628522032e+01 3.685197546272186031e+01 2.653812219486233204e+01
2.874713508730555489e+01 8.857709613450509778e+00 2.793783135878811663e+01
2.067889139239402141e+01 4.891360505049032525e+01 2.437326184854916988e+01
9.134170374822016214e+00 4.201717936674760523e+01 3.355572192712637758e+01
5.232062564168885643e+01 1.579177592805332964e+01 2.686609779540528820e+01
4.679864019627444804e+01 3.353386679866072484e+01 2.761288971254801794e+01
2.327740833688398681e+01 1.019898965529710466e+01 3.606431046023603670e+01
2.536898677554952286e+01 1.562948951294412936e+01 4.273933292632139569e+01
2.722925075470972445e+01 4.184888509948265067e+01 2.930749544818557695e+01
8.639143895989048971e+00 3.906419083392183467e+01 3.888205648191821240e+01
3.172708099269666349e+01 1.473392053110676159e+01 2.923844010763432166e+01
1.611349858115537259e+01 4.940235029238505149e+01 3.788470716534828853e+01
4.628202364164017268e+01 3.252638061686227644e+01 3.695160798137071367e+01
2.068254256649731460e+01 2.350289964993158520e+01 3.675225260761867219e+01
4.628044290116866932e+01 1.057764837381021650e+01 4.062507747012358550e+01
2.120738542614709488e+01 2.193523425312947595e+01 2.608019462052699211e+01
4.184058928926812371e+01 1.331219859121532956e+01 3.091398626995312071e+01
3.036608895664828367e+01 9.001743809946658459e+00 3.976544402422922531e+01
1.079146463121442778e+01 4.201805710775285974e+01 2.402151019375985541e+01
4.973788400897373663e+01 1.105705304544699707e+01 3.337089394062032000e+01
4.564664078207961495e+01 1.035024896570962483e+01 2.298183643308074409e+01
2.623059341241913600e+01 2.210465930811175639e+01 2.057078425966326662e+01
3.583617813774735339e+01 3.149295528419775536e+01 2.327330184945166991e+01
3.304994409690959856e+01 1.437319563528320643e+01 3.463047021956060689e+01
3.404095486599770481e+01 1.958851786530687988e+01 2.057650614227248553e+01
3.828396312360513321e+01 1.380064327177377592e+01 2.652646346273946065e+01
2.333039654905364202e+01 1.814926593728790749e+01 2.980603502294121299e+01
1.835373634431037715e+01 3.894913808200104910e+01 4.045714556104849891e+01
8.600082999463868560e+00 3.767541120999785420e+01 2.302218177647460351e+01
5.319073463184543016e+01 2.156273021200210138e+01 3.392348618543728378e+01
1.191167594826106324e+01 4.880583747951585849e+01 3.316760986845424952e+01
3.863566616304942158e+01 3.528453370755424601e+01 3.285365610835266637e+01
1.939320496975046026e+01 3.085499538449225199e+01 3.497894165420742496e+01
2.391069719329874488e+01 4.625196423805981993e+01 2.798456202717147434e+01
1.414936735680110225e+01 3.269973613740394569e+01 3.951732320242467722e+01
1.976910319757688939e+01 3.773868138131690841e+01 2.301613913622338004e+01
2.569480065081134867e+01 3.765615527800727591e+01 3.625293565794002859e+01
3.687992308432131949e+01 2.346553785136012493e+01 2.054255714363050345e+01
2.495301542523692007e+01 3.108308263918398495e+01 2.415640432701616547e+01
4.532635362556825953e+01 1.562200040428409231e+01 2.191576248076748357e+01
3.386911652200809897e+01 3.710654018119955566e+01 3.290894110657895055e+01
1.912690680492469752e+01 2.644357983198295159e+01 3.317758788186743857e+01
3.651631975862078860e+01 1.654453700261017701e+01 4.102666133982103958e+01
3.767230230363673371e+01 2.522459437025944595e+01 4.224030847680619871e+01
3.664775722596822760e+01 3.157300075304280895e+01 3.935158231073043567e+01
2.961709610040363572e+01 1.850083696908547282e+01 4.263703071179493520e+01
5.061428370429665335e+01 2.982095911737759764e+01 3.699867944498178929e+01
3.076221105125198108e+01 3.659390466249374896e+01 3.661110101503429348e+01
5.080576641505903979e+01 1.249729270027118844e+01 2.935499065235315541e+01
2.906585783074348939e+01 9.119851855881035974e+00 2.233220813109563352e+01
2.314424370673949483e+01 1.467900030349455420e+01 3.533091052060833448e+01
4.594530705920604419e+01 1.374831188452067288e+01 3.338838285414011153e+01
2.216055038854268844e+01 1.326079005453045667e+01 3.974532963073953340e+01
3.023482552232123055e+01 2.507388674721998711e+01 4.268218464299020809e+01
2.750076149019032457e+01 1.329966910416444215e+01 2.896463203776447060e+01
5.225363707797467328e+01 2.122035057059149210e+01 2.558178236032548725e+01
6.361983276758001793e+00 3.661846222049364741e+01 2.971307765936387213e+01
2.762152583765589497e+01 3.440041294793185500e+01 2.476522016047736230e+01
2.006097663242651663e+01 3.244869862991833998e+01 2.669647561777615508e+01
2.438214211745680871e+01 4.354786725194819752e+01 3.709669140519528696e+01
1.896163819865044786e+01 4.968081078096928138e+01 4.180561335152108882e+01
2.633702853805520050e+01 3.805649879819448955e+01 2.763145884315931511e+01
4.621337291356759636e+01 1.196544256751937496e+01 2.941332781865884272e+01
3.487663599782084844e+01 1.548000043108150692e+01 2.465186678657660480e+01
5.030438237383316391e+01 2.741670103127923852e+01 2.377214222958004086e+01
2.005224862918397122e+01 4.374154663036075164e+01 4.083770385459577312e+01
4.205288577131611305e+01 1.570683429548062904e+01 3.981980803208571729e+01
1.907604242528026361e+01 4.477830108224816286e+01 2.082825864246987635e+01
3.205014038493084172e+01 2.867674983848680625e+01 2.126317996580685943e+01
1.365601936313299802e+01 5.011305392208070941e+01 2.710061741835346538e+01
1.037894314233915516e+01 3.446486438076624381e+01 4.067407971434531078e+01
2.892686266708246379e+01 1.256209819128245009e+01 3.450422289596718883e+01
2.082265461204801227e+01 4.982994278145814349e+01 3.474226195802195605e+01
2.277099281803821995e+01 2.317076347654349178e+01 4.021952444723848430e+01
1.109414618351910242e+01 3.311325471269469745e+01 2.318582809158262492e+01
1.480704075087563965e+01 3.059158648996758956e+01 2.909927448587588117e+01
2.701085942849553589e+01 7.065942659727159736e+00 3.862288504841318115e+01
1.656631568434780633e+01 4.912994637194678660e+01 2.244029667157692032e+01
2.349029071210220110e+01 3.926179173154864799e+01 2.433682729485985874e+01
4.625460559458958443e+01 2.040593723047029684e+01 2.146656099253958416e+01
2.244271636884408849e+01 1.880342349962322857e+01 3.482253934040320331e+01
1.585213469776122963e+01 3.481890782023830866e+01 2.275724372625684211e+01
2.479713356277017056e+01 8.929025980143261876e+00 2.769860189610780665e+01
2.577776965982331703e+01 3.225332290753556208e+01 3.850727012823207929e+01
2.279985901349420629e+01 2.175652317917391443e+01 2.248600859250250039e+01
1.952257190141785514e+01 2.492287189919763080e+01 2.891554442290056670e+01
2.966563371254947867e+01 1.261034668550227877e+01 4.176330678068277535e+01
4.506780080962434454e+01 2.923736470599450854e+01 4.023359562438179182e+01
2.728893735105951279e+01 4.064184104116250751e+01 3.382753412169381591e+01
5.005235819594673785e+01 1.324203426363652447e+01 2.185346430556918307e+01
7.300009332286656161e+00 3.545476648626660676e+01 3.839612394361635950e+01
4.160219434521810200e+01 1.838206506613983748e+01 2.146941876858042519e+01
4.554149934454434856e+01 1.684078982543900338e+01 4.139317583306420545e+01
5.202382623923223548e+01 1.879524769415250063e+01 3.078285042810781036e+01
1.121817386473289879e+01 4.189402757355734508e+01 3.918652199393785196e+01
4.872944721462306461e+01 2.361875074118759699e+01 4.083369830705383663e+01
2.213770864839140984e+01 1.288309630953915530e+01 2.397898368356717214e+01
1.102297625647670642e+01 3.127714576136372671e+01 2.653838959580201262e+01
3.903144509789449046e+01 2.853773230364978275e+01 4.100276878760870147e+01
9.789170026972410454e+00 4.337016419735717676e+01 2.846598977503208516e+01
5.427091100456573258e+01 2.794881167010539968e+01 3.099177926922362403e+01
4.903056553585648203e+01 8.455185270148037446e+00 2.317651680800623737e+01
4.054161698900138333e+01 3.394865892868885027e+01 3.576759189499688318e+01
4.815017055219388453e+01 7.339219636843655081e+00 3.882956442673611264e+01
4.421720170559360241e+01 1.010082282888144789e+01 2.640795512138052459e+01
2.521933230242319368e+01 1.853930626762610601e+01 2.040534021111070828e+01
4.397052897711002117e+01 2.589722705895592370e+01 2.130791563548019951e+01
3.041261940313098577e+01 2.914164475614647642e+01 4.146439964563710845e+01
1.999677458818798215e+01 5.053911617800581269e+01 2.761588549303209561e+01
5.297098969164445492e+01 2.616802301130803698e+01 2.682057779781957407e+01
5.042739091477871938e+01 7.874222894148726226e+00 3.551401628757395201e+01
1.611162216539440806e+01 4.645470265102004959e+01 4.171548302045790990e+01
4.598570825279305296e+01 3.151323681309975910e+01 2.459462402646806112e+01
2.342766902430050635e+01 1.911440381290675461e+01 4.151013106364730021e+01
4.300046696837198112e+01 3.425130612241149919e+01 2.809408326806402201e+01
1.599074531367953611e+01 5.282216869014406768e+01 2.735043411901214583e+01
3.400263454849242351e+01 3.707692778598948280e+01 2.932808727811163152e+01
1.890376104238069388e+01 5.156592980359403100e+01 3.740821953881909678e+01
5.158767761304822841e+01 9.501098755243841509e+00 2.760764976102356627e+01
2.301673922764063462e+01 4.645837898063749805e+01 3.564502575566442033e+01
1.048554313810211447e+01 4.558997817007929854e+01 3.294319917275432630e+01
5.202620066512653807e+01 3.063225929840458406e+01 3.067503132364269902e+01
5.229462471685656055e+01 1.109781461526739932e+01 3.604825142367658231e+01
2.177763141802083524e+01 4.699028454088542617e+01 2.109792993741932321e+01
6.785281700966355523e+00 3.738968385878855827e+01 2.605368299232099361e+01
1.438785097692308668e+01 5.083427986451684433e+01 3.452426590627656822e+01
1.102083799800610464e+01 3.083942277479413008e+01 3.379791286889090429e+01
4.535839666823276417e+01 2.431339773480691946e+01 4.170319219046309200e+01
2.849813074425181725e+01 1.260105537554534294e+01 2.077065256813749983e+01
1.475861192335855598e+01 4.019510617582652401e+01 4.057567845261768014e+01
3.529988060531590577e+01 2.693129672600561264e+01 2.084172618342844174e+01
4.813924707343309706e+01 3.375961571501127167e+01 3.076643641580447053e+01
5.258365421409351370e+01 2.456671221193831300e+01 3.697316504036575679e+01
7.444218564734425669e+00 3.348979113351935410e+01 3.372550065352596960e+01
1.170966736570942146e+01 3.886574814250959520e+01 2.223522316729452797e+01
1.635990483224392023e+01 3.173774238093667321e+01 3.709117018977164548e+01
3.269764529740762526e+01 3.136489366682518920e+01 4.026583842772368627e+01
2.249046870906247619e+01 3.233959425938883214e+01 3.662528215910769802e+01
4.156462978233756189e+01 2.909388893684385025e+01 2.231244655598104387e+01
1.862591064847918076e+01 5.155576428958372759e+01 3.181875434445183615e+01
3.972163863135953932e+01 3.426733929915167209e+01 2.727794786088590229e+01
7.727849169657707407e+00 3.960712795632938565e+01 3.559837658960056217e+01
1.308252483120829979e+01 3.089358878866884339e+01 3.687388383671711978e+01
5.203289462776298535e+01 1.244664907755333871e+01 3.911354319352680875e+01
2.525840493173307522e+01 4.294083971294189439e+01 2.637591171297199111e+01
3.086041808122085328e+01 1.474130610666103003e+01 2.175347310124356781e+01
2.869802656678646713e+01 2.500179551097389208e+01 2.044031032204283704e+01
1.985402351210078820e+01 4.965956081510034892e+01 2.097945501448965189e+01
4.054795980746912676e+01 1.382249612671942174e+01 3.576414955187156863e+01
2.398936062105206091e+01 2.676955713140536020e+01 4.050407097027921566e+01
4.309465113637399014e+01 1.900146255485385538e+01 4.167698546075252608e+01
2.375642327351579297e+01 4.821731420913631894e+01 3.253921531333782724e+01
4.907281669300621729e+01 3.107292276566218447e+01 2.553937316306864247e+01
3.965071081827271371e+01 2.127939692154904350e+01 2.087339942725908770e+01
5.038249444430690005e+01 1.906260223882364357e+01 4.054046379279381540e+01
4.204455554414055030e+01 1.583316320478447814e+01 2.343110326125041709e+01
1.384124676279461319e+01 4.268645677656163429e+01 2.314117139201102091e+01
5.185485884903812348e+01 1.579366487064795166e+01 3.931247428653639986e+01
4.515460846262089945e+01 8.447500513777329800e+00 3.833145591687038234e+01
2.608336445143814686e+01 9.788983049944601333e+00 2.131233922679172821e+01
2.981238262493396718e+01 1.488175474519788111e+01 3.209787738338445706e+01
1.688771091314584538e+01 4.740507705194205101e+01 1.974424018710666928e+01
1.726731524802302431e+01 5.073204772780054128e+01 2.529675776982913504e+01
1.336087360556584791e+01 4.501042594728965440e+01 3.921597641418100721e+01
3.367651895062596168e+01 1.774303173294747893e+01 4.182922123578559592e+01
5.145607466148076981e+01 1.716527438394944483e+01 3.348364701428145196e+01
1.285006612473124221e+01 4.621161246281559443e+01 2.418258231618054666e+01
1.156849032702252700e+01 4.814605977692826144e+01 3.010685314445004224e+01
4.883279321170066112e+01 1.005673532721655405e+01 2.952926130162920160e+01
4.450771138936519833e+01 3.408442116235916330e+01 3.488545663224012117e+01
4.100703530994806556e+01 2.495188309133917315e+01 2.095807050087978496e+01
2.355328840858104655e+01 3.525477080339494762e+01 3.699246522757276523e+01
2.774340973560759949e+01 3.137185828552593492e+01 2.280557168708741145e+01
3.126103175534288425e+01 2.094773910064300537e+01 2.030134992790288351e+01
5.209399889596831201e+01 1.824483831403305700e+01 2.474574923195076082e+01
3.633645322580493797e+01 1.935098043227618447e+01 4.230509497981557843e+01
1.787181423770882915e+01 3.340191973353343258e+01 2.474179330684011902e+01
4.477388995726398946e+01 1.024052130420873219e+01 3.508451491009016365e+01
4.663502505346092164e+01 2.427579193701704696e+01 2.150556470730135672e+01
2.133460988922158919e+01 4.773281921843446440e+01 4.170649724503026334e+01
1.144310060552216690e+01 3.075787555574576615e+01 2.959994723115744009e+01
3.141582781875504082e+01 1.314854448645844620e+01 3.691740671092323822e+01
2.997978546385135701e+01 8.102065868339602517e+00 2.523517211312665154e+01
3.817149259005186224e+01 3.295804229002489905e+01 2.498105913373616715e+01
4.961309119403058787e+01 7.379726661271187815e+00 2.677709329195064214e+01
2.052713470700055254e+01 2.650467729669276551e+01 3.624473722805280573e+01
2.443585375144903082e+01 1.554947618066074355e+01 2.877582054722778793e+01
2.069648801106047031e+01 2.128114997008033527e+01 2.898900227486724646e+01
5.220830565897362874e+01 1.829622534317625338e+01 3.770103061017962176e+01
2.404112238728800577e+01 2.441276716059324770e+01 2.188139600113405336e+01
2.769327482825059406e+01 1.006057395862358028e+01 4.192220175904518698e+01
5.144456696032808196e+01 2.471351391950123144e+01 2.434438664774853223e+01
2.573734264007565997e+01 7.618978779666168322e+00 3.597520599137953923e+01
1.683495232758861349e+01 3.399548144908947478e+01 3.958226183629841444e+01
2.670738487869671474e+01 1.596734653617343724e+01 2.019301323822177352e+01
2.733179022293575144e+01 3.907331640258754391e+01 3.034228699845780852e+01
5.265599544980795343e+01 2.919571029383444483e+01 3.385179965282853232e+01
1.333585362693392540e+01 4.780887861078536361e+01 3.813344291271551612e+01
2.622519418397273938e+01 4.458495232119613405e+01 2.982933280759321093e+01
5.238844672567635996e+01 1.256558598794723736e+01 2.685479816972819833e+01
1.898442392228901809e+01 4.300369014329739770e+01 2.319311799549642572e+01
7.180504936989905218e+00 3.398130589299400839e+01 2.867703604743630308e+01
2.621634488941721841e+01 2.533055835396715239e+01 4.189742030323315447e+01
2.042548105988200291e+01 3.513562933519725107e+01 2.463168056330714251e+01
2.609226493374484335e+01 1.277484861609286604e+01 4.270764504858364319e+01
4.021877733431130508e+01 3.489426938152790569e+01 3.041965375371841773e+01
4.822796032766629537e+01 3.023307223141423350e+01 3.864698467570449480e+01
2.161181396317137171e+01 1.973453920800331929e+01 3.156812862921956153e+01
3.412514109641288229e+01 1.686178212936225762e+01 2.218331651805872085e+01
3.444256922570907875e+01 1.374365863499613916e+01 2.877790862032490082e+01
3.938092885528154596e+01 3.075667515100489879e+01 2.332372884671132596e+01
3.467169121639884111e+01 1.534373809343891892e+01 3.842682152920033900e+01
2.284197675127085603e+01 9.572708061684993552e+00 2.447900366854891274e+01
4.268134354488819326e+01 2.325506538975192328e+01 4.198009791882275010e+01
3.058218351075558417e+01 3.487641560996104317e+01 2.445411403002644946e+01
1.729649206026952157e+01 3.170216413097242025e+01 2.708607374905952270e+01
2.087144627736856961e+01 4.034834683391489563e+01 2.322609076150098417e+01
1.583474231013535416e+01 5.276160861296037297e+01 3.621127695217575138e+01
3.785665962442513433e+01 1.908659316454567190e+01 2.090600774891298741e+01
3.027585516333044779e+01 2.143001240637460114e+01 4.273845685927153681e+01
4.590595826667231449e+01 1.487402366655432218e+01 3.082298717526697729e+01
4.282090520644058529e+01 1.403303073187689165e+01 3.414562502602026939e+01
1.350865819362857145e+01 3.603122977774983582e+01 2.182545011649881062e+01
2.046013814572092215e+01 3.682650444554281677e+01 3.946696264270505594e+01
1.075531780964782058e+01 4.434105276852997690e+01 2.557715829766047122e+01
2.523731526862295382e+01 1.099133678019398630e+01 3.423758478810456296e+01
3.652118669214173963e+01 3.617487070896559942e+01 3.126694362810857086e+01
4.898715279435567993e+01 2.005490522584188184e+01 2.186804484146977856e+01
3.395581946873806345e+01 3.341312667889258137e+01 2.397167914781833176e+01
2.189915742713294833e+01 2.398760457275691849e+01 2.402982723827927103e+01
3.333096502389487625e+01 2.454207031464836319e+01 4.269327251534233625e+01
4.357415367596140499e+01 3.253369608971814841e+01 3.756653950664082942e+01
2.416764064779514598e+01 2.747216644670277219e+01 2.256689371459985338e+01
3.190100010123478569e+01 3.483410632287677799e+01 3.840941327261826643e+01
2.310613237934089526e+01 3.201451137802279590e+01 2.598348009593871311e+01
2.324994403053311487e+01 1.471889167866183712e+01 2.139610663532987900e+01
2.254350358910689067e+01 1.561120757506446921e+01 2.678625083426282316e+01
4.413411692785735596e+01 1.408237258171011774e+01 2.856185400850564449e+01
6.905612067099282214e+00 3.876156027823382999e+01 3.133306526616784637e+01
3.873760471369504899e+01 1.812685979923043078e+01 4.184127535572497436e+01
2.419661366495333965e+01 2.997067869139979024e+01 3.888842543917463246e+01
1.814647927605977884e+01 5.227822196131791088e+01 2.893400880254704077e+01
3.146954924860547465e+01 3.750219000690437809e+01 3.083489321423890317e+01
4.854316839314780196e+01 1.379881694610362075e+01 3.011259014472687667e+01
4.698400677502034029e+01 1.348779036242813589e+01 2.165247281353057218e+01
2.712201430560968163e+01 3.449109659630801872e+01 3.778443396623913486e+01
2.866920811083556231e+01 1.598604106665503544e+01 4.252406784671534012e+01
3.745301430710530610e+01 2.190747277426521578e+01 4.240430072417618135e+01
3.648677438802640438e+01 1.288422212357139962e+01 3.370069218251631327e+01
3.333964298682777638e+01 3.094948986379736056e+01 2.247972066136080826e+01
2.964459062297764902e+01 2.975632048754357584e+01 2.167774990480534214e+01
2.519068681866746928e+01 8.036062052944554779e+00 4.029195433640695256e+01
4.420547005380985439e+01 1.365030379986029274e+01 2.328844373380447053e+01
2.038859872470650458e+01 2.840894211514764578e+01 2.735867631915013121e+01
9.942392343407330912e+00 4.325825704122991766e+01 3.574825323049361714e+01
5.423740581599820842e+01 2.430403481267957488e+01 3.146028790084218230e+01
5.144576404409285431e+01 1.388076334818462954e+01 3.399340005281945309e+01
4.805941537872828917e+01 8.972290504951246248e+00 3.377100350698110987e+01
4.801580719370819139e+01 1.838765449355901893e+01 4.150023356080092185e+01
2.611638256573834127e+01 4.321522121803097605e+01 3.513265032083539552e+01
2.626230933434910497e+01 1.924879080337460735e+01 4.271071630039013201e+01
2.637652556951915273e+01 1.066330695674210105e+01 2.889804964161374201e+01
3.429013726400543050e+01 2.306896641453882424e+01 2.028724366755643516e+01
1.802847056403395598e+01 4.870443251492902448e+01 4.406292244493359789e+01
3.181780544040199743e+01 1.491467059880280033e+01 2.663043071015118812e+01
2.060159840841949119e+01 2.175820045574428008e+01 3.480632056665145058e+01
1.827735232281835209e+01 2.973312318851311176e+01 3.188601110112771053e+01
2.561034196998619450e+01 3.561364409471993042e+01 2.646663662012601037e+01
9.300670722183475903e+00 3.717466174326982298e+01 4.052716067919125464e+01
4.848797401259017192e+01 1.375019327629736132e+01 3.289380280862651063e+01
4.869407269314395137e+01 1.074619319648497928e+01 2.202882914943156578e+01
4.133941090595719459e+01 1.406243292694742308e+01 2.761521756710015296e+01
2.367445960049864340e+01 1.781716661685177883e+01 3.278358695818452873e+01
1.398353793823469715e+01 3.314260204410703636e+01 2.330050739296663309e+01
1.701882620788117606e+01 5.173947683697370792e+01 3.381304707389115549e+01
3.312626737418784018e+01 3.676556701691894347e+01 3.563823851718613867e+01
4.479832023395019291e+01 1.262886356299720703e+01 4.025062366187890461e+01
5.177765664551888847e+01 1.437351591655142613e+01 2.336175224991696098e+01
5.111442823886727638e+01 2.762069205852474241e+01 3.819249612580435382e+01
2.230138964693325576e+01 1.910685857680229915e+01 2.767534305245887083e+01
2.743094466969609613e+01 1.980470349049406309e+01 2.026027111545993620e+01
2.250772013696710516e+01 1.626218771585970302e+01 4.077070526721590227e+01
6.388657745595342163e+00 3.586822761984580410e+01 3.214105344841676271e+01
4.180430607547805266e+01 2.864795451024282613e+01 4.077485507711396906e+01
3.213362678134781447e+01 1.480628370833692209e+01 2.411904500218597036e+01
2.530712969882734242e+01 1.350419985076689144e+01 3.403061850995601390e+01
2.229984753322712265e+01 4.592198787663306803e+01 2.460178818039151594e+01
2.012703923766673597e+01 4.146971325972598521e+01 3.976845893877461435e+01
3.838859952511837292e+01 3.276008184179185889e+01 3.798404311425794333e+01
3.574199527360303819e+01 3.626103336226785245e+01 3.435354146027177080e+01
9.025247306446271267e+00 4.104889751242570384e+01 2.578311581781468931e+01
2.205479509803735994e+01 1.934128784079708652e+01 2.441551059316552141e+01
2.234440957511452908e+01 1.101490038611048128e+01 3.823013255263963117e+01
4.644198302803960843e+01 7.449193565290038954e+00 2.574520954707986320e+01
2.128270110874589705e+01 4.436896758092031234e+01 2.254763294217146807e+01
2.186757608124610641e+01 2.134013069642117699e+01 3.883123057687831903e+01
3.773495045174487927e+01 3.484719526344050422e+01 3.571448386758802940e+01
2.711982508651760071e+01 4.303756158472575777e+01 3.152251838111844506e+01
5.066499968097176776e+01 2.431426821104977165e+01 3.948451488522538000e+01
2.914586210558250912e+01 1.512312975854548114e+01 2.897149707798233464e+01
2.186671855881692039e+01 4.384935279688150445e+01 3.919142039265243938e+01
2.509141425081626764e+01 1.664073094597711133e+01 3.086928148132426486e+01
2.724799999257842842e+01 3.760863328362565028e+01 3.436045435330714781e+01
3.373826490908741960e+01 3.321235087938181607e+01 3.907310137196456168e+01
1.916361618114347110e+01 2.450633773838913854e+01 3.144038369320628945e+01
4.585853966153169381e+01 2.664566891879509569e+01 4.130555631369397673e+01
3.508237069096556127e+01 1.415201139366037708e+01 3.636355549675670318e+01
2.085159895639790051e+01 2.516880613151391088e+01 2.585424654344883777e+01
4.814056918389605499e+01 3.348297274455111960e+01 3.374375736022533090e+01
3.444364685201729515e+01 3.530315839980355719e+01 2.553100661636502622e+01
1.890346542407220554e+01 4.488571307274101940e+01 4.282087880854889050e+01
3.967610775491852593e+01 1.581484445723554089e+01 3.980182831011780564e+01
1.767467256736443559e+01 3.667102855513412862e+01 4.047741893180058526e+01
2.822371979580531587e+01 3.680242472492226113e+01 2.694008423459618484e+01
1.229205550967361305e+01 4.840677560112241906e+01 3.609550949767847072e+01
2.172986190890535241e+01 3.706012581049129295e+01 2.413480292611735578e+01
7.650077061502324582e+00 3.534641308838055807e+01 2.400240266861852945e+01
8.996957129232988848e+00 4.188144004552020050e+01 3.121344859129818161e+01
2.157883499024644181e+01 4.518782375437759669e+01 4.188278294494983101e+01
1.752040681661840793e+01 3.746171645142856477e+01 2.241415204249375748e+01
4.199302954984967329e+01 1.479319923948981952e+01 3.733213827077054248e+01
2.988265181482211830e+01 1.037458176546242505e+01 3.522953003360428426e+01
1.260099770481645365e+01 3.041925323087813737e+01 3.213182781243220631e+01
3.710190141649241724e+01 1.307798392690152056e+01 2.840450412096456745e+01
3.214834650736985111e+01 1.770111304678588482e+01 2.127253303568516429e+01
5.239744030915616690e+01 1.851287538299850510e+01 2.703966056726765643e+01
1.380347238111781216e+01 4.257387705890256768e+01 3.985057591757274054e+01
3.051169832146548799e+01 1.433741607309604049e+01 3.513891026280780494e+01
1.414701365519325549e+01 3.486896116031940096e+01 4.080974386070836601e+01
5.263782518565020752e+01 2.395142383070247050e+01 2.622488314246033525e+01
5.255668712564900602e+01 2.770069541654284251e+01 3.599465456791764240e+01
5.266808452935778462e+01 2.183835773066198271e+01 3.650502937374426438e+01
4.138289057585068065e+01 1.738896880747124030e+01 4.125881537323355985e+01
1.599230829537934540e+01 4.836027289416266228e+01 3.994548272669165101e+01
2.813324026105917142e+01 2.415886903671076169e+01 4.251323921510102366e+01
2.488373722422813472e+01 4.094374402399679980e+01 2.505212732373111706e+01
3.680594951204568588e+01 2.966921379535512671e+01 2.228785237711862521e+01
3.354281938676967911e+01 1.372781382958721608e+01 3.087941618061113047e+01
7.796377105884259251e+00 3.351309990470832645e+01 3.726830793233048666e+01
3.052371973495206703e+01 9.888252810854551100e+00 2.694648254847797020e+01
4.482920224934807152e+01 3.450850279930025266e+01 2.942987913922434018e+01
3.024255883312646631e+01 2.741913596895732042e+01 2.069743366827056263e+01
3.624239839228540916e+01 3.358783148174526900e+01 3.813396389445453138e+01
5.233612098787230593e+01 1.739067676351163527e+01 3.562573152551779287e+01
4.743407481548597104e+01 1.846270430382919869e+01 2.144571282633357612e+01
5.021680755958461617e+01 1.334724039648127913e+01 4.103860111033519331e+01
3.918989987287410059e+01 2.355202874839243421e+01 4.229195960941938637e+01
4.756685210257668217e+01 1.161785297783203852e+01 3.320775828298783239e+01
5.115370017234103273e+01 2.144723353503648866e+01 2.364187009423941177e+01
2.151700188940756320e+01 2.989121732115846797e+01 3.640506171112252787e+01
3.739962336827036893e+01 2.591913866105278785e+01 2.079192310156009782e+01
3.547171342619046897e+01 1.407018098718259580e+01 2.682009369964040246e+01
2.295443637589030317e+01 1.170770468010069720e+01 2.226758601098943657e+01
2.333648257860986774e+01 1.080915570132119541e+01 2.717439471811433549e+01
5.023711053462668730e+01 3.252317797331240001e+01 3.117023210619780116e+01
1.788058837200089357e+01 4.952202195209059710e+01 3.986797938380152573e+01
3.523466423364359912e+01 2.225475819023956348e+01 4.262968102183219088e+01
2.133124160417947479e+01 3.064057270358048868e+01 2.687225377639486368e+01
7.128552499646241714e+00 3.384848873361659827e+01 3.156172711630289029e+01
4.182066200392728206e+01 3.459317433888990934e+01 3.333033616190498805e+01
2.504690272845783028e+01 3.925777774073428361e+01 3.763263700162431746e+01
9.703031675303117609e+00 3.252595587166369739e+01 2.479626630497109474e+01
2.101153007567016218e+01 4.882303832209681360e+01 2.667754291656897792e+01
4.520774243607925769e+01 3.307120776918274885e+01 2.616302859892892485e+01
1.741110864799724567e+01 3.095479122041088971e+01 3.402668334001040051e+01
4.390559776260420222e+01 1.089007754046893695e+01 3.721523865217982063e+01
3.852071900507424118e+01 1.313457669781748471e+01 3.527506795819231655e+01
8.831760686374314773e+00 3.211648234056728057e+01 3.472448965010754307e+01
1.990468791226381740e+01 2.805331315291808636e+01 3.482407800552533672e+01
5.271788555403463761e+01 2.075600240629133708e+01 2.766928148634160323e+01
2.178698215936497817e+01 3.384557172419678750e+01 2.611909859509815135e+01
3.052060490839942730e+01 3.112123415848235908e+01 4.054536357619112863e+01
3.263668759176096756e+01 1.499452217349666228e+01 3.747735638379097622e+01
3.073794761401329367e+01 1.447401082252876847e+01 4.139815285815904389e+01
4.457925441770200337e+01 1.269805866867621091e+01 3.471976029651897022e+01
1.592783220107268072e+01 4.917187670845468261e+01 2.458211462278418225e+01
2.549318227858170616e+01 2.614879049859814941e+01 2.146430411266433680e+01
8.607111786191493863e+00 3.232813883796924870e+01 2.906000851520878925e+01
3.132542379474249117e+01 1.241929512566847293e+01 2.611211482777395076e+01
2.490930772629848633e+01 4.672439435388128004e+01 2.985414871811094173e+01
2.462752991322932061e+01 4.500452672482795435e+01 3.550649282546488905e+01
3.706622300970676065e+01 2.940618544459497485e+01 4.072296899842903883e+01
1.700300560047384124e+01 4.575224174380465314e+01 2.113923870938592842e+01
4.487849980878078782e+01 2.260183272311212477e+01 2.124798963889218228e+01
2.377851704079318651e+01 1.699944412338718180e+01 2.088550947525578394e+01
2.700111611073725726e+01 1.528307949582874770e+01 2.966635197337561181e+01
5.038883014457741183e+01 1.547245506406098947e+01 2.987435772907967646e+01
5.024732338442230173e+01 9.976865589851888316e+00 4.041423008401611128e+01
1.288555507488364782e+01 5.030760241388350096e+01 3.197930154217626608e+01
1.785041285200646755e+01 5.321971380501139492e+01 3.828298547743432323e+01
2.833439879285214147e+01 2.686414326559907195e+01 4.217128123479405133e+01
4.825716713049194340e+01 3.170561944445262981e+01 3.701730277933003777e+01
4.540022194512020803e+01 3.089749433597698314e+01 3.893369146884700172e+01
1.220437540290384071e+01 4.386012565765459215e+01 2.383314334324848716e+01
2.850443595153962661e+01 2.993972683999474071e+01 4.096913452493116381e+01
1.301743775255768654e+01 3.083100476088813835e+01 2.712445461303609306e+01
6.843138721524800516e+00 3.784154715727320450e+01 3.637826522234987436e+01
1.519042673131970034e+01 4.109310516520287138e+01 2.260833507059901493e+01
5.067762766198408286e+01 1.684040151707535671e+01 4.072007092222946056e+01
5.108278441407805559e+01 9.862575237846119336e+00 3.447403496914395049e+01
1.871076493357268333e+01 3.301628924214797678e+01 3.758526106063629868e+01
3.066153616169832929e+01 9.789283187484970838e+00 2.353683515995854236e+01
2.361492569292121502e+01 1.952407110470706186e+01 2.135275045805973804e+01
3.911834490870737824e+01 2.405565679152665126e+01 2.072432565630207790e+01
5.261652127801052359e+01 1.957159420280181195e+01 3.427793606819010819e+01
6.897450347947549965e+00 3.873977752128309504e+01 2.923529314174786364e+01
2.201081863326398036e+01 1.536043356079004774e+01 3.865324709946692394e+01
1.396289702652992304e+01 4.992867826351527327e+01 3.634437046561588147e+01
9.388410559714937875e+00 3.327794561583658606e+01 3.930183947926378352e+01
2.521091627246056532e+01 4.465980143197274543e+01 2.777752246953185278e+01
2.486300580241773162e+01 2.068108357955189192e+01 4.220394271442030742e+01
2.208556421580896156e+01 2.472820293433222361e+01 3.905000041564792923e+01
4.783635769066700050e+01 1.359800272185362324e+01 4.147291727955618512e+01
2.594257369208416719e+01 2.997431312831512074e+01 2.272782394932962902e+01
3.262954277468921305e+01 1.978166082957709904e+01 4.255078984650274521e+01
2.318791328158667042e+01 1.689094832813841762e+01 3.496119983769350625e+01
1.632022249609257614e+01 5.387663600901503003e+01 2.561729439301138100e+01
2.289107253325249758e+01 1.156692362900546556e+01 4.064073749666502522e+01
1.073629235971442952e+01 4.572506829555197783e+01 3.497349683766960737e+01
2.912847514219250655e+01 1.498135483594779593e+01 2.068314786852345577e+01
2.194824437842122933e+01 1.959564074517899712e+01 3.777212950488124221e+01
4.360749048265873284e+01 3.243947968224163958e+01 2.506435981348637654e+01
5.022859201613208313e+01 2.629434173131135211e+01 3.961823848696697326e+01
9.799112713112908324e+00 4.167686530584773408e+01 3.775211482216500514e+01
3.566950758872094696e+01 2.499251251434985832e+01 4.246671308985463611e+01
3.064471354691203331e+01 3.729157365963285997e+01 3.471314253352332457e+01
4.455978138051941784e+01 1.216780763584025671e+01 2.805940670337307097e+01
3.811285545549745279e+01 1.559580509113908242e+01 2.408372764478611927e+01
3.966263864511231674e+01 3.012878615658696191e+01 3.993420898697790022e+01
3.636279385573861589e+01 1.779611360746125825e+01 2.130951665166944053e+01
1.947156293956279072e+01 5.155041982938354295e+01 3.547535864327647914e+01
1.793980017591904996e+01 4.977164027140733538e+01 2.036583605182820023e+01
