3.548474160747358752e+01 3.496886700203702247e+01 2.564546964998999456e+01
3.249607361187353405e+01 2.253831871101458972e+01 2.024928426956197924e+01
2.371049202188112304e+01 4.029393686717351386e+01 3.862533227466056474e+01
2.387668879907366204e+01 1.759168421720263353e+01 3.208492339669513171e+01
4.922942045221073215e+01 1.258156686542474922e+01 3.314242706267375382e+01
9.782244895507542282e+00 3.142081763254067539e+01 3.157385805308265958e+01
2.785441153740547904e+01 1.473645665334420229e+01 3.383530462612532830e+01
2.086663984644643577e+01 3.046046786826580188e+01 3.578005663816398396e+01
3.421076675949928614e+01 1.617677718482802973e+01 2.329965663343130799e+01
2.315456623990812801e+01 4.097501294595485888e+01 2.408510342388391123e+01
2.886532968373958141e+01 1.504649318991834939e+01 3.088223496803897561e+01
1.643131905878986743e+01 4.582290142665274146e+01 4.149400727310845127e+01
1.689099790716086602e+01 5.002303800309624648e+01 2.528644981221400556e+01
3.942138140031517679e+01 3.042184707713452241e+01 2.307709090175556099e+01
3.136730217987904012e+01 1.250136628258822391e+01 4.009301962986536694e+01
4.659628584514717886e+01 2.773735620302846883e+01 2.215486543454267121e+01
1.389951958838491208e+01 3.865393665267710333e+01 2.206907307924895179e+01
2.780935702235121099e+01 7.987066527829989937e+00 4.055746423769625864e+01
2.208808217942997132e+01 1.717072219389602594e+01 2.394505363741589576e+01
3.149444581921112984e+01 1.132278269522932668e+01 3.807169176643876796e+01
4.857250957371631728e+01 3.326281478360120758e+01 3.374433053655106818e+01
5.419530101998444138e+01 2.421903978220651510e+01 3.130363669724388131e+01
2.475123595635531260e+01 1.687688409517519261e+01 3.172556502018144542e+01
2.560873223735105597e+01 1.010235052820585722e+01 2.123800601960726198e+01
4.628680969926296740e+01 3.384974486770308033e+01 2.797334537237702534e+01
2.952591083313568632e+01 3.740012035621495556e+01 2.836010293787512992e+01
1.898309441915542095e+01 5.004298257928022053e+01 2.351410186025460547e+01
2.559219754486344556e+01 3.893582117877669901e+01 2.615070042283458207e+01
2.596184832914451945e+01 3.615315847977531405e+01 2.665634498499665384e+01
2.201715759426245711e+01 1.935253116443760391e+01 2.483502956482301371e+01
2.322788989151335670e+01 4.593485538931570744e+01 2.676841792730522585e+01
5.207798445739702942e+01 1.692839235028182898e+01 3.864788829470147391e+01
4.650061378413239055e+01 2.269949333846778217e+01 4.151931351088511235e+01
2.279470274091793058e+01 4.500298777375075332e+01 3.781720749050305130e+01
4.368869488481028895e+01 1.495075550145762477e+01 4.004857169882527046e+01
5.235985941540702271e+01 1.209295645236889172e+01 3.795667260984319569e+01
3.954464075969138293e+01 3.433587713694911514e+01 3.542303261516385504e+01
3.031188353371722854e+01 2.569777806925869257e+01 2.035017863172891595e+01
2.190224581727524011e+01 2.808410744206808829e+01 3.768367592144964107e+01
2.458129539032676192e+01 2.583156916629781108e+01 2.184240562151101628e+01
9.372124615456245422e+00 4.112757269822410677e+01 3.760867643162004015e+01
7.940492225138909177e+00 3.568500887561840074e+01 2.354471908895853005e+01
1.053518104073197037e+01 4.554500433944737381e+01 2.901453344459315531e+01
3.743372514944295659e+01 3.506405619276240770e+01 3.557518942512560045e+01
2.738778913126367343e+01 1.451820804255832442e+01 2.026292787342057267e+01
2.013907845685150733e+01 2.379517415207983788e+01 2.749874071997928127e+01
4.081140765555411321e+01 3.481637483219728324e+01 3.216797257078462025e+01
5.059361120117603150e+01 9.207660833564247582e+00 3.971168506756560390e+01
4.423199340947279268e+01 2.218315418571629039e+01 2.122144812779810152e+01
3.581660501881304981e+01 2.866247729222030216e+01 4.130259463599838909e+01
2.205308128334911544e+01 1.666247580891846169e+01 2.397626685502105204e+01
4.593524669648792269e+01 3.236157517781760617e+01 2.554514677839534187e+01
2.578620154389439278e+01 8.680479845512238057e+00 4.119427446269537541e+01
1.057474724266750421e+01 4.309148197181660578e+01 2.495962315824495192e+01
3.545328705342561904e+01 3.242176707985385065e+01 3.908388838121236120e+01
3.143483755240914945e+01 1.793737795298328308e+01 4.218060252138701571e+01
4.812846660808264687e+01 2.272257042979198971e+01 2.191636685151960862e+01
4.434409266914052949e+01 1.117575468739864952e+01 2.398229860152738624e+01
1.038493912625461491e+01 3.294046033325557943e+01 3.963591293755234801e+01
2.463626071372442539e+01 2.653917186715219145e+01 4.095619530487008575e+01
1.057538054849127107e+01 3.439800575534361826e+01 4.070829563804615248e+01
2.953794910871025081e+01 1.392785936927310431e+01 2.097110852613250742e+01
2.233469143608424545e+01 1.383194643419182412e+01 2.608747861177670302e+01
5.457088641628592285e+01 2.519811220948199448e+01 3.076868576171462166e+01
5.261092172997075522e+01 2.017273605865744202e+01 2.758161943388024184e+01
6.668933269107442996e+00 3.782463460332778027e+01 3.546836744350876813e+01
3.141051336992778431e+01 2.860339439729581912e+01 4.165794969952195714e+01
4.928113333877099933e+01 1.388820764763072724e+01 2.163300448850361590e+01
2.948451513196961571e+01 1.463983980107123273e+01 4.211574233580501669e+01
1.443700247699483086e+01 3.038694258899431588e+01 3.252231858730971226e+01
4.392764812612364267e+01 1.091275489878805516e+01 3.689022882671562797e+01
4.138620434482790955e+01 1.311121599565650442e+01 3.134588130887616231e+01
4.297261851760795537e+01 2.448542061015557181e+01 2.108873892361726021e+01
4.694182556393744932e+01 2.841141888679183225e+01 4.035401684115453236e+01
1.451723686255405887e+01 3.482911016231099666e+01 2.240647598763997195e+01
3.078387206860919179e+01 3.681307198338348030e+01 2.647001165514154764e+01
2.863734839921193753e+01 1.025414865939081110e+01 2.150624769685640558e+01
4.756879860968446394e+01 1.157557734628909962e+01 2.187069935488153760e+01
1.530327771135113402e+01 5.129587477757418412e+01 3.405747666215180658e+01
2.746109284436761300e+01 3.999974886917924977e+01 3.121335320194974017e+01
3.195583486697880105e+01 2.888763296039481787e+01 4.151441995190251788e+01
4.924901460497635952e+01 7.636980052404241270e+00 3.499031043802813912e+01
2.058532902721985636e+01 4.873352242583008831e+01 4.059232185495420708e+01
3.060802122340286147e+01 2.154700774670448027e+01 4.275433022331503707e+01
3.602727986762965173e+01 3.239949076610796652e+01 3.893538530861182778e+01
2.637825619920395326e+01 4.197169944629956717e+01 2.726653779154784729e+01
3.238662384930698579e+01 3.622648061522872354e+01 2.582564021227496909e+01
1.191728242442859020e+01 3.409711300251461807e+01 4.077739578951158705e+01
3.285113155932358353e+01 1.490180295029118263e+01 2.743232884333021815e+01
2.065557215988750528e+01 4.460176415671897132e+01 2.112462430162288740e+01
2.755114301371841634e+01 2.122366075395575891e+01 2.036236901060730986e+01
3.012427570463954396e+01 1.605996158837450594e+01 2.109425635210937244e+01
2.816850351951588394e+01 3.219905268600534498e+01 2.315780353873284980e+01
5.017335525043300493e+01 3.134607680401749263e+01 3.571101679126455508e+01
1.130502543824813344e+01 3.701029274655575563e+01 2.190639511947799178e+01
2.009917540139262826e+01 2.858329405567265979e+01 3.504484268047158935e+01
3.153918788071710821e+01 1.264972754411511957e+01 2.551256814494092851e+01
4.601374507439498984e+01 7.528136226236027184e+00 3.759294432796488650e+01
4.541700195794203410e+01 1.865795417835148839e+01 4.152984630883793216e+01
1.705850346219575897e+01 5.180698874441365831e+01 3.811953555385718317e+01
5.040389219205957261e+01 2.266875766738848696e+01 2.309059337178682370e+01
2.297278867351739251e+01 3.505574938780770822e+01 2.593367356350535502e+01
3.208779584023797327e+01 1.480537014672987794e+01 3.486885934708964641e+01
5.170965864990657934e+01 1.998967075889535749e+01 2.416790700781955081e+01
3.851304917183384191e+01 2.994070906403209520e+01 4.018742088209187102e+01
4.781522406328655705e+01 1.496567042585882845e+01 2.148633995002018438e+01
2.484839719044951067e+01 4.694846685581896395e+01 3.277729425711001454e+01
2.718440572104772812e+01 7.293551244337916017e+00 2.643210859008312852e+01
2.182400978620679055e+01 3.995671563346498090e+01 2.346744446772816062e+01
5.202286204308515494e+01 9.289564432648351300e+00 2.640044302893624106e+01
3.858134614075252244e+01 1.665332906446429106e+01 2.235477669186809990e+01
4.771861025749090857e+01 1.432219806589662703e+01 3.024026810481744576e+01
3.599671747008230227e+01 1.277222849506167357e+01 3.114390130132432333e+01
2.241454757085369209e+01 1.887503953589069283e+01 3.465693647129870669e+01
4.874319577374718193e+01 1.714269247572289245e+01 2.151253652239917358e+01
1.991270275331983441e+01 2.218986882586439435e+01 3.071470771864431271e+01
2.485944924427160529e+01 9.865784845200472830e+00 2.823463970958746216e+01
2.112490656194431082e+01 4.809232146733005209e+01 4.096961493100603491e+01
2.881764534695565416e+01 8.825892463813028499e+00 4.092161076493463412e+01
4.663718418636454999e+01 1.444124903197359089e+01 3.037688084114568454e+01
2.629998628949656592e+01 1.063560291883118403e+01 4.221471973408413447e+01
4.503617203696136073e+01 1.460520530274916950e+01 3.104445466937315956e+01
2.405704206195480310e+01 9.141032151054352184e+00 2.723975556518127661e+01
3.618131046415946628e+01 3.514353956991844541e+01 2.627798783074300815e+01
1.671391432154290513e+01 4.676661718306976923e+01 4.293250340015330835e+01
1.926694389996609047e+01 3.587749325799805433e+01 3.958703111441742806e+01
4.245380762031902577e+01 2.400158427825127205e+01 4.200076333327753275e+01
1.466676877321554784e+01 3.342919643854763478e+01 2.329878706679907552e+01
1.903843132379101633e+01 4.789686439348277958e+01 1.811641199123720725e+01
3.332380738222288130e+01 1.397799393619735397e+01 3.352856887977446831e+01
1.030457749914303633e+01 3.322411607527504884e+01 3.987714268279093233e+01
1.244430940042044220e+01 4.861067859415996395e+01 3.611423393824591699e+01
2.990133505581734141e+01 1.520309565880930691e+01 2.104077952939125495e+01
5.020251235835425518e+01 2.704873710158410205e+01 2.350403406333150969e+01
5.001836201649642533e+01 1.674347098146689206e+01 3.212631029571232233e+01
3.997266779300138495e+01 2.704247553304162821e+01 4.162134799673405894e+01
4.786380154430827361e+01 2.522058457963398581e+01 4.110507344294836685e+01
1.045797939513692043e+01 3.263335197662827625e+01 3.930423818441239803e+01
4.818673604700171609e+01 3.054595183827514404e+01 2.441377209529800751e+01
3.091204142669310784e+01 1.493527075728457909e+01 3.488655512604042030e+01
2.597575964394030734e+01 2.453174001026101081e+01 4.193445421201266754e+01
4.526895001327515189e+01 2.381122382920999314e+01 4.173196978009860914e+01
1.544156169354213759e+01 3.069626725361818487e+01 2.923635458920644226e+01
2.068266366460088079e+01 2.480818128191927130e+01 3.685616226137008766e+01
4.793710567954425272e+01 3.003345671228496272e+01 2.382299684814969254e+01
2.969364584819591713e+01 2.509683981948215958e+01 2.032866749565136644e+01
4.609325821891320629e+01 2.066139836436691013e+01 4.155386688112521654e+01
3.241395190082465660e+01 2.311093958005179161e+01 2.022631488318232584e+01
2.455477531452274320e+01 1.589829242419228272e+01 4.251596492337812805e+01
4.364659758301765891e+01 2.453666484246964075e+01 4.185562517698802054e+01
1.432145201504316034e+01 3.036724188320690487e+01 3.240232534241248175e+01
1.346089337371823902e+01 4.246168409790662679e+01 2.313233637214319316e+01
2.286155506114774738e+01 4.755458599601087855e+01 3.463263987710265468e+01
5.268730662807217868e+01 2.802907730963773503e+01 2.739859296750526596e+01
3.430691026258726595e+01 3.614184983326507705e+01 3.628188372672715900e+01
4.494204147959678863e+01 1.106655025057577824e+01 2.831288539929758485e+01
6.670458407832397185e+00 3.579259404262672462e+01 3.612011603038233432e+01
2.629145893635264741e+01 3.921783319105019672e+01 3.606716548533588451e+01
3.384129832865093590e+01 1.512574510421183760e+01 2.578997893165023569e+01
8.304184227398701879e+00 3.435963089474732612e+01 2.387218021909719567e+01
1.715547173555142280e+01 3.728035466225536965e+01 2.234935210446040799e+01
3.590176508161591329e+01 2.829433200180034902e+01 4.146026452463338785e+01
1.774852332073562877e+01 4.352090359230562910e+01 2.312448495402155402e+01
1.172883351248033890e+01 3.306727311652903722e+01 4.015885114294343339e+01
2.470787106274475775e+01 4.477132388039007083e+01 2.722721480251961879e+01
2.742777200096507073e+01 3.994300647312008579e+01 3.237083169149221362e+01
4.106655050395421114e+01 3.464382470703510108e+01 3.322763234769367102e+01
2.176862932998022515e+01 2.060988616030901355e+01 2.561598945202872812e+01
3.405137582653640749e+01 3.622442679158999113e+01 3.630018086229922858e+01
2.646474500024310572e+01 3.676360880308994439e+01 2.699352376981449808e+01
4.013444867709569763e+01 3.108542619443293731e+01 2.365842555738647945e+01
2.012879614389536442e+01 2.205146250091344484e+01 2.968672219810278534e+01
1.660281668895649787e+01 4.454397143153610727e+01 3.993448781301437833e+01
5.126497748180278080e+01 2.779273605927819091e+01 3.790176133838275518e+01
2.439741595045274281e+01 1.511451452563014186e+01 2.869534877694994179e+01
4.521719576936994400e+01 1.899372587753445174e+01 2.144160919734082071e+01
2.340831219417026432e+01 2.751101913395891074e+01 3.970764664634370433e+01
1.223065664685349319e+01 3.111519839741176696e+01 2.613864213001286885e+01
4.552973118230049465e+01 1.478052583495888861e+01 4.103703966150123250e+01
5.207480900273880309e+01 1.948807364687107935e+01 2.489324426488587960e+01
2.498350868126046365e+01 2.675893293412909912e+01 2.181970234011502541e+01
2.726791590874195137e+01 1.082941204608033559e+01 3.407937339917927488e+01
1.914376454617975298e+01 5.413820290312938255e+01 2.708049467226339146e+01
3.842574161166386659e+01 2.376000694879071418e+01 4.234409564879261012e+01
3.108749332320732606e+01 3.724811624036377111e+01 3.490062456067854413e+01
3.052654978126238916e+01 9.166724049600446733e+00 3.652346167954431877e+01
4.507122939458805888e+01 8.471527259536347998e+00 2.698988207412596196e+01
1.815952910169519541e+01 4.823013664070730755e+01 4.442663276277902895e+01
1.641080340378359637e+01 4.755765002133653496e+01 4.260264318096449188e+01
1.968567692520256429e+01 4.975126612462982223e+01 2.239653181886659539e+01
5.354034221842702124e+01 2.653887432364520649e+01 2.803504794172483017e+01
2.522180098184383468e+01 4.361607137896354658e+01 2.683463926951102962e+01
1.094672058434013096e+01 4.635945998599925844e+01 2.810900488091456850e+01
2.208638520117271398e+01 2.109684655399166076e+01 3.926026093486237301e+01
1.225302048019585044e+01 4.596454539193091904e+01 2.444814002194232927e+01
3.101820564222908061e+01 2.454686922626978784e+01 4.276051310076867651e+01
4.049849112789603822e+01 2.710909375201548954e+01 4.156247885758212135e+01
4.435008392779981534e+01 1.275176238195120959e+01 2.791867254605151771e+01
1.281094279992913343e+01 4.972550718049195950e+01 2.780967292804613678e+01
2.383150287493660713e+01 4.194521980240250514e+01 2.458164017995240513e+01
1.563241669534950873e+01 4.152417830523333464e+01 2.272420450708834139e+01
2.297219052933668948e+01 1.839189098064569450e+01 2.918524915780268003e+01
3.078885780362461233e+01 2.477241464920614078e+01 2.025162289044279973e+01
3.998008031523038142e+01 2.488539785798672455e+01 2.085336949299860265e+01
4.075591087169122062e+01 3.465449592268451795e+01 3.338004032765374518e+01
1.517195766006883062e+01 4.107981705833737607e+01 4.033334567893650302e+01
2.264082073982604726e+01 9.986228487340927273e+00 2.399925555138354483e+01
4.469887882179277483e+01 1.645403939820375427e+01 2.191575487747813966e+01
4.335040656021881489e+01 1.533491946183700350e+01 4.016479435014824162e+01
2.853079789348336348e+01 2.521527144238265450e+01 4.248619169535989215e+01
2.440172428294999207e+01 4.260304821532583475e+01 2.529648327113886452e+01
4.896858056225980249e+01 1.604248534275406968e+01 2.154676971681665165e+01
9.756357890853431414e+00 4.302101083430128625e+01 3.510273981132282728e+01
1.821458221107999620e+01 4.717058974963303797e+01 4.447903693525233848e+01
1.410460177480754851e+01 3.033612070374956460e+01 3.138909706162569435e+01
2.287809293857090509e+01 4.852168121298487335e+01 3.350180607273537703e+01
1.586155325136084926e+01 4.700023146881075320e+01 2.155002390808216717e+01
3.303120331659956577e+01 3.601920615331024322e+01 2.575973678309924964e+01
1.546092997802992741e+01 4.653111251821078298e+01 4.001303941040988832e+01
1.508215380321160382e+01 3.513658017724802818e+01 4.066189824795805663e+01
2.745048566177537452e+01 4.037006074913634279e+01 3.251831920690936784e+01
2.399319923616730676e+01 1.461158618027847922e+01 2.846696429180727250e+01
5.224707157042186623e+01 1.661492074540264952e+01 3.798798410501176193e+01
2.208139366173599782e+01 1.700004025459105961e+01 2.448005866934713737e+01
1.029822614521382995e+01 4.465554086718174176e+01 2.825645461332726782e+01
3.696859365094741179e+01 3.171001449723080867e+01 3.915556444294327321e+01
1.982270488497490746e+01 3.427533367817654408e+01 2.499091387886152305e+01
2.609779765017096764e+01 1.142362539270763833e+01 2.897770596977180801e+01
2.083143320585813996e+01 3.534127065139924895e+01 2.471071752145029166e+01
2.344224353637659419e+01 3.074902693531346287e+01 2.513465035334290576e+01
1.169321788180045196e+01 4.804312832871011096e+01 3.435177738978885031e+01
1.191509707893456493e+01 3.981207559309907396e+01 4.038217885568307963e+01
1.818540321294850060e+01 5.451232056782068014e+01 3.742095981589222475e+01
2.340538394695640534e+01 1.477698863467848689e+01 2.799105829747462693e+01
5.250459992183082392e+01 2.177099702449725882e+01 3.700037135301695912e+01
5.032215843505763075e+01 2.675901811988097023e+01 3.939094645488243174e+01
4.852476489517708558e+01 9.697977648585421662e+00 2.240666128849411365e+01
1.287735183110357795e+01 5.020599361078619438e+01 3.290609948018683184e+01
1.548152955918943441e+01 3.807348630846777127e+01 4.095082716446309945e+01
1.355562236923831065e+01 4.888940992065101909e+01 2.557930398499080127e+01
1.844076907219386996e+01 4.499305229819378837e+01 4.266179205329837032e+01
4.768574316356487941e+01 2.396959653466603868e+01 4.123088099602490786e+01
1.832930312982978549e+01 3.325056388106919769e+01 2.517937934905512520e+01
3.175949099985995616e+01 3.720126179208889994e+01 3.487888678514251239e+01
2.325908454310494022e+01 4.322800864297678203e+01 2.471912980336865573e+01
1.422609971314669508e+01 4.345106943242454633e+01 2.328862662200879186e+01
4.038581541240090189e+01 3.490601206204702578e+01 3.181698671999435390e+01
3.104480586765074435e+01 1.889070375163949222e+01 2.054767925857688482e+01
1.306677609253567596e+01 3.148509837073181217e+01 3.840266471836846307e+01
3.125204419124476729e+01 1.127485574509246646e+01 3.983854515034344956e+01
1.410214697609339929e+01 4.075184166019960941e+01 4.037575759138699283e+01
3.591006533382011412e+01 3.573652201198147793e+01 2.699357454390798594e+01
2.184120571971234170e+01 2.040717116377881268e+01 3.814181833696208912e+01
1.704303901258716891e+01 5.377503728628865787e+01 3.812281787790043097e+01
2.481988028786110689e+01 3.116941805046802116e+01 3.852256275659294005e+01
5.208396915785394299e+01 2.819510578639967591e+01 2.646755793177544547e+01
8.124304309344728026e+00 3.264801891856759397e+01 3.214004237180695611e+01
3.556813744933158716e+01 2.407866678001080274e+01 2.041615231653358720e+01
2.615667239405721745e+01 1.667124771399004146e+01 2.020725161279740689e+01
8.214038575694123878e+00 4.064411809755423377e+01 2.915190822947808158e+01
4.945830188676301020e+01 1.038333405963012268e+01 2.226544842515124856e+01
3.836801228328388191e+01 3.401627461996618251e+01 3.661600702825654707e+01
5.135291230575236909e+01 1.716656860228282255e+01 2.290578824653655587e+01
5.121479769488421852e+01 1.735402198018795161e+01 3.301711262381321177e+01
3.282800694482772741e+01 3.179774922485403010e+01 2.288731625308468409e+01
2.219419467918511657e+01 3.769942658953577563e+01 3.898133277952104692e+01
2.472395276832580535e+01 4.095513042907445822e+01 2.494281897886370203e+01
3.835532892327299237e+01 1.765643138853269889e+01 2.151449674863842887e+01
5.086233438456530109e+01 8.580528057126430852e+00 3.504800704628928543e+01
4.302820195157301697e+01 1.966119268991413094e+01 2.127777971691617864e+01
3.788994413924942251e+01 3.564394894427038452e+01 3.157461541789317039e+01
3.943818904448156815e+01 3.504826604964807046e+01 3.256905226195807046e+01
1.871691460242392679e+01 2.784712542391623202e+01 3.228818860738486762e+01
2.226513923758061253e+01 1.907472714463310126e+01 3.972533543606257922e+01
3.577855239409019816e+01 1.318259177844475261e+01 2.920614109008148063e+01
2.015614550967208274e+01 2.226309791790947656e+01 2.904502998925713086e+01
1.024943779791526843e+01 4.411113978882499964e+01 3.557616894141787611e+01
1.273009497831472636e+01 3.087448995263826390e+01 2.704303766946401311e+01
4.461395381111543657e+01 1.104954403527474227e+01 3.947525555269520225e+01
5.239239613687205122e+01 2.948526057511353926e+01 3.404476806259638266e+01
3.658564284656368670e+01 1.754426330629419439e+01 2.148922595873659702e+01
1.355177216785623884e+01 4.780531475500801264e+01 2.460604777954189970e+01
8.735258638502948259e+00 3.811327329154691057e+01 2.309168127281114735e+01
1.874114330405818052e+01 5.013000355016778542e+01 3.760531110173336344e+01
2.035845889882470061e+01 2.330242106387168377e+01 3.585905097091551852e+01
5.022933468589260997e+01 8.941553754487596706e+00 2.338428556224392452e+01
3.315896163609731673e+01 3.019032870795261658e+01 4.078815200926425177e+01
1.510598779527914459e+01 3.374080749857218109e+01 4.001704169963757352e+01
3.303304795295148466e+01 2.432605584337762039e+01 2.025871081654629435e+01
2.346206994277475388e+01 1.028091941053904534e+01 4.095092837980935485e+01
4.244450540724016463e+01 2.675353468905969834e+01 4.156533443568250163e+01
2.890565127739031226e+01 3.002401074191920571e+01 2.188488871279484016e+01
2.789546396152747576e+01 3.489494675215826192e+01 2.505622447734582536e+01
1.369066200052120230e+01 3.838572703520192420e+01 4.097979725799280715e+01
4.671275438294534865e+01 1.425639292313252326e+01 2.167236872876604536e+01
2.626317892177466717e+01 1.181580374146580681e+01 3.398885058013227223e+01
2.223504694886917576e+01 1.682938589981252520e+01 4.009588975186380111e+01
2.172887959720481632e+01 4.507293216940087888e+01 4.112724364555521106e+01
1.417295958736549366e+01 3.037376619164205849e+01 3.073586198987244700e+01
1.977741650788262717e+01 4.937436470715968539e+01 4.217186723741276211e+01
2.970487888657546449e+01 2.121592055063958782e+01 2.027868382065928188e+01
2.686020987036055985e+01 7.020000388181078854e+00 3.835251304420594920e+01
5.292320528982414629e+01 2.590009659108770279e+01 3.629234780403893978e+01
3.131202259091047324e+01 1.088556281914433832e+01 2.416393782159995851e+01
3.850801310064929339e+01 3.535650471764272140e+01 3.255011984585406992e+01
2.515585995175710465e+01 2.711284526727385469e+01 4.105696312458996999e+01
2.386106541446487483e+01 1.208131264695528806e+01 2.813950068853539932e+01
2.116252637956226224e+01 3.393597625291288011e+01 2.585819269616770200e+01
1.986075682367136608e+01 4.009076609790958656e+01 3.999793897521250585e+01
2.498691353645875068e+01 7.802768977024385322e+00 3.973303233690025849e+01
5.159763540916139135e+01 1.532312496555342740e+01 2.899202178522183004e+01
4.667702796396095266e+01 2.204050105808380167e+01 2.155214201868911417e+01
2.971452192939673154e+01 1.490727132148599665e+01 3.222510439823581407e+01
2.777840400909162710e+01 8.465943834168037085e+00 2.236985027731084230e+01
1.972248881785909091e+01 4.817342313462621917e+01 4.478518454620713385e+01
2.202274938482505817e+01 1.431264359879557979e+01 3.810004487224161096e+01
3.010126465824918185e+01 1.885393243637628302e+01 2.043039128510775271e+01
3.739172118674977696e+01 1.565294701597074223e+01 2.397305257515289512e+01
2.042154498112313021e+01 4.918232770657090214e+01 2.492773747890903735e+01
2.417575601855550360e+01 1.750611305243999993e+01 4.228633632242868146e+01
5.345893790374893939e+01 2.799845975441189694e+01 3.390597072369429554e+01
3.634489495918635527e+01 3.513800784357294305e+01 2.639263858250506445e+01
5.322203199942997287e+01 2.159843819955639788e+01 2.930460943406700380e+01
3.087435639863193515e+01 1.175707256679601720e+01 4.067459523951386302e+01
1.928688122224556878e+01 4.956895278185322695e+01 4.196408036772083250e+01
2.127243642666211798e+01 2.102562521897326420e+01 2.753798640267637410e+01
2.230762495582820293e+01 1.794751349427766485e+01 2.296294290396823001e+01
4.814439634423942493e+01 3.372301126259668536e+01 3.035361497423581056e+01
3.180804899914348383e+01 1.523439103254888849e+01 4.042519750575533521e+01
4.591592691251419467e+01 3.286650117638043866e+01 2.613553580374582452e+01
1.503087078043387947e+01 4.741371888800648549e+01 3.918346095178389987e+01
4.539323055231088233e+01 2.897775203955700363e+01 2.250144234990857228e+01
4.330527850942691970e+01 1.397556110895425263e+01 3.029081075636631937e+01
2.999592659720470422e+01 3.756185018242905471e+01 3.038864490580426292e+01
3.091800897182885777e+01 2.124506487972303503e+01 4.274020480504668029e+01
2.697131915413422831e+01 4.166661534753500007e+01 2.845527384838661789e+01
2.316466431401460468e+01 1.231916603587698056e+01 3.561257626051180836e+01
2.562482230489748147e+01 1.539206243379853056e+01 3.373157425257687692e+01
4.495559222560999757e+01 1.225823836489839991e+01 3.437460819148799374e+01
6.838444643760904995e+00 3.441329621144586781e+01 3.183773211845275952e+01
2.058362506948602544e+01 2.488516483782365896e+01 3.664478972757162012e+01
2.217120294041286854e+01 1.263006754949147137e+01 2.493975247064889800e+01
3.814704013949857142e+01 2.531414693993908926e+01 2.074775222243572159e+01
4.154978920720883195e+01 3.158469043224032191e+01 3.862296258194486853e+01
2.702426882533899288e+01 4.322089209616828498e+01 3.197941101481331927e+01
2.749273369611013962e+01 4.127953215066691683e+01 3.110716009276275074e+01
3.169442678773956601e+01 2.913114294083745648e+01 4.142337968155698746e+01
4.300458983423415305e+01 1.386599530110695433e+01 3.001793428351894377e+01
5.209350986421557650e+01 1.717029305899698599e+01 3.451978594909361675e+01
2.955667346521943628e+01 1.168048692738659433e+01 2.811052203214351763e+01
3.335141630790391076e+01 3.529013900142774673e+01 2.512532960311537877e+01
1.598511064650960378e+01 3.069656295871648766e+01 3.031899195364970367e+01
4.773590408189899392e+01 7.686978659941381409e+00 3.485164284023305470e+01
2.002156128800205437e+01 3.934994731697028669e+01 4.002611450501221668e+01
4.290068699467882141e+01 1.369496167717941937e+01 3.196591691897452137e+01
2.776148074811922584e+01 2.065611775150640028e+01 2.030177832553448525e+01
1.669924693774092006e+01 4.934689827504177373e+01 3.845473591317964690e+01
3.117319969239709110e+01 1.921568542142617630e+01 2.049181255784478850e+01
4.788861091060550734e+01 1.692283819488331176e+01 4.160241457361675543e+01
3.038517549538577356e+01 8.700890333904322205e+00 2.595361702923950986e+01
1.050083369469816041e+01 4.563141036881494017e+01 3.296841907210320244e+01
2.355601523493043459e+01 8.902887413330176969e+00 2.361555679332235869e+01
8.162608791738854563e+00 3.305593910055230111e+01 2.652832540012677143e+01
4.069424994039658827e+01 2.451213948988126390e+01 2.090677089530076316e+01
1.980116571414357196e+01 5.096529472845591613e+01 3.463757825920469458e+01
2.157647520050539569e+01 2.103864992093788899e+01 2.595030921408968894e+01
3.429880795370189617e+01 1.582247989814589673e+01 2.401034309191416938e+01
9.547043227507712615e+00 3.199302691246210983e+01 3.703173549133369136e+01
3.570654461281836234e+01 2.118918207841235457e+01 2.050424857675615442e+01
1.780076098883101210e+01 3.172354989919451640e+01 3.593605388327640782e+01
3.541418168276507572e+01 2.512149344681271401e+01 4.247017737430787321e+01
1.839848790897913133e+01 5.038744466355409202e+01 3.764913436985705175e+01
2.063348612616989897e+01 2.174572618631351872e+01 3.489196164655923837e+01
5.104104273353041066e+01 3.170778261444008805e+01 3.271544058026118051e+01
2.728842701477101684e+01 1.279445935838874604e+01 2.042395481355897502e+01
5.020010588918528072e+01 2.840832561475475515e+01 2.422292525022096044e+01
2.043067971387746340e+01 2.518647705624580269e+01 3.627534128136812086e+01
1.395305550607001699e+01 3.074621721204751168e+01 2.745735773885670739e+01
1.150217015704342138e+01 3.091810172450435346e+01 3.583503708591719317e+01
3.216228465256558167e+01 3.000578300857221947e+01 2.187023662388289935e+01
3.096537537949127028e+01 2.763302574214453244e+01 4.206977665677065659e+01
2.052757406966746601e+01 2.989311590772014426e+01 3.550168872361888361e+01
3.922805892459983568e+01 1.680112433805459915e+01 4.103445695448260722e+01
4.938772496732000405e+01 3.308842224071324267e+01 3.135184207459515449e+01
2.238136478506261540e+01 4.456152734527782400e+01 2.424129192351794160e+01
1.939842164601354924e+01 5.191669628342640408e+01 2.817272316408019961e+01
2.954388398685509998e+01 1.500932290762751720e+01 3.018375348127802837e+01
4.248151320008075515e+01 3.476656223253616673e+01 3.184199705559532489e+01
1.874092534795822473e+01 5.359560870075060990e+01 2.800271395507250105e+01
8.957374000091361310e+00 3.201545200214749798e+01 2.902689476342704111e+01
3.676204214387831826e+01 2.926594469650994768e+01 4.085684841139255497e+01
2.673327641593497361e+01 4.025066568442751702e+01 2.776150884738581581e+01
6.957328246136126992e+00 3.847559378852493950e+01 2.712403289830969655e+01
4.808860074622391778e+01 3.377657624786081669e+01 3.064199371046641218e+01
1.600752858580104032e+01 4.204061757017747425e+01 4.010055127718078438e+01
2.167306301228109788e+01 3.796970951488272306e+01 2.372568382336042703e+01
5.222591768453867189e+01 1.756495226399770360e+01 3.471661792339156705e+01
1.347730995426135081e+01 4.375631987575818016e+01 2.347429384369419836e+01
3.084623983516710055e+01 9.160589943777702970e+00 3.722600771391930152e+01
1.393069979384401691e+01 3.233930189328890492e+01 3.927842701927766456e+01
1.580194934026973641e+01 3.971316886867812457e+01 4.069459961970268580e+01
2.145218266463182033e+01 3.369833431550197389e+01 2.612545791122741790e+01
2.840217966609656131e+01 1.599237493754960582e+01 2.043414095390578922e+01
2.871466529179756932e+01 3.753767074251959457e+01 2.915308397922906281e+01
2.771237702208144782e+01 7.380825143105766983e+00 3.945076415999251651e+01
1.437879107378984855e+01 3.866780045135696753e+01 2.207419433954253307e+01
2.926927322530762510e+01 3.280622098282132271e+01 3.958911192934522916e+01
7.287241903439363178e+00 3.871926117743865348e+01 3.640369972627595985e+01
5.381231990342496374e+01 2.613658751418671500e+01 2.850203667182627498e+01
2.694327123202332075e+01 7.248857929591248528e+00 2.638566111831077166e+01
4.305285859413404381e+01 3.165341786535628898e+01 2.425240779089090637e+01
4.868345048956280152e+01 3.340841825413171762e+01 3.262394974414198145e+01
1.264150439571500328e+01 4.994091968269249548e+01 3.313363600584419544e+01
2.056527392529486065e+01 5.016842556410622223e+01 3.468945593948692618e+01
2.404454639513395620e+01 4.050571447987087481e+01 2.451630370182817131e+01
3.726266608639323863e+01 2.297940884657236893e+01 4.244939925440338868e+01
6.881703734041536791e+00 3.863767060808108766e+01 3.375032955172058990e+01
4.848733128149000038e+01 1.845058899519275641e+01 4.140255238016051464e+01
2.408529592339517578e+01 1.798696287453378062e+01 4.219442170464969877e+01
2.574320675216661058e+01 4.156560865541638350e+01 3.677442018849676231e+01
1.640221122617898786e+01 4.569721100439788586e+01 2.245332206040100687e+01
5.001663630958775286e+01 9.220966848436365382e+00 2.301608688241967116e+01
1.684581577124110296e+01 3.181225937735667486e+01 2.652986300011512810e+01
3.985740535712985633e+01 2.571705326513382062e+01 2.095667813061890783e+01
8.859279237909330362e+00 3.980008143784224472e+01 3.838236931664476259e+01
3.346187562078429067e+01 3.144724441193077880e+01 2.278020727186250838e+01
2.706752261928632208e+01 2.677389508143785690e+01 4.186060311867433370e+01
4.143703401738530090e+01 3.284395645191455770e+01 2.548497799838482791e+01
2.395841511336168139e+01 1.516604184406001821e+01 4.225410246566540451e+01
5.475379844808725949e+01 2.664363502815796991e+01 3.218559955555087271e+01
4.949468567327517121e+01 3.195835839305457782e+01 2.716215022328481155e+01
4.843067642126402461e+01 1.439535671057826960e+01 3.021976011706945542e+01
1.262821736890619917e+01 4.965084060346677575e+01 3.418242711385224197e+01
5.240216982430720094e+01 2.851518549212971720e+01 3.544590329764490377e+01
2.488050280187715657e+01 2.643405034087365379e+01 4.113243501510790878e+01
3.466687295556027237e+01 3.171943668120466953e+01 2.317883640838255843e+01
4.130808438598426591e+01 3.352647783140717053e+01 3.631779668738688116e+01
3.010107478288290395e+01 3.550299347487073476e+01 3.783382004336533555e+01
4.744262883493466632e+01 2.177386172554988519e+01 2.173346046604849136e+01
4.273820252079219983e+01 1.626313095759777383e+01 2.259404881617390970e+01
1.956172159268578170e+01 2.325706304045009176e+01 3.294826709110454743e+01
1.803550653605692489e+01 4.986141930864650362e+01 2.337855458253487484e+01
3.265577222906549082e+01 1.518759340766136390e+01 2.478756638042672478e+01
1.350899251406501733e+01 3.048410859030730080e+01 2.904261240382671971e+01
2.260149324234818380e+01 1.361066503014762574e+01 2.667839824663995074e+01
5.217027903651482035e+01 1.852632653550059416e+01 2.954108561238343000e+01
3.895042868970072902e+01 2.899010753727932155e+01 4.075482199413136897e+01
1.939441089860884304e+01 2.358586046260710489e+01 3.080184185801497421e+01
3.039047642749450162e+01 3.748321562236903759e+01 2.935557501164953464e+01
5.188222214752228467e+01 1.847195840862368854e+01 3.294246870906669500e+01
3.794606790500982640e+01 3.540691382016765942e+01 3.396682191613234636e+01
3.812152066423663399e+01 1.579363909015979850e+01 2.366766496891496274e+01
1.888894080398495490e+01 3.986399527544732990e+01 4.027087685220555358e+01
4.487647392355845710e+01 9.086006720579479889e+00 2.456047834616834535e+01
1.411708392625355124e+01 4.617033843526701986e+01 2.382439447230791885e+01
3.910058803906099456e+01 3.180911125394978001e+01 3.863713344746111034e+01
1.980049633111651985e+01 3.287903003627149445e+01 3.683513082903354530e+01
4.574354950927929764e+01 2.603127101970930468e+01 2.147811584333854995e+01
5.413955116214446406e+01 2.587891825372656385e+01 2.914723035281955887e+01
1.784964283537452445e+01 4.978126662393201229e+01 2.434383790774224465e+01
3.380775691780001324e+01 2.759132116454592776e+01 2.092570785817419932e+01
2.322382588111018009e+01 2.043500856361239570e+01 2.178281876196583866e+01
1.218572533701551919e+01 4.612668198283055432e+01 2.453296825333465137e+01
1.168358603493971160e+01 3.064010045832770146e+01 3.147578427671556511e+01
5.181138108289450628e+01 2.114971792401194506e+01 2.459940052887834838e+01
4.563757937620825089e+01 1.920605056191674720e+01 4.157184830687668864e+01
4.676402308840268063e+01 2.543167686805903926e+01 4.137206586361963190e+01
3.984024250563852121e+01 1.850120714538536504e+01 4.182241532985658949e+01
3.517869122667493542e+01 3.670170839762327830e+01 3.184679283972453234e+01
4.841623007076280771e+01 1.749664553719811266e+01 4.150885580014286091e+01
4.747778668486886033e+01 2.521626400265199663e+01 4.121483345011347410e+01
4.531847498489977255e+01 2.298607018005877478e+01 2.128885202379684571e+01
2.176582280937288516e+01 2.027809175678052611e+01 3.756659652317001985e+01
4.480546216280858829e+01 3.458913500739866009e+01 3.300270729548414295e+01
2.945629650399119370e+01 1.105205378464369481e+01 2.814201838232614605e+01
5.138032866663500187e+01 1.449165545955336754e+01 4.017990776656795049e+01
4.317219377368598998e+01 2.340794023643182697e+01 4.193924509614426199e+01
2.156660798986009908e+01 3.232071096206282590e+01 3.636736465043873778e+01
4.059552980345473117e+01 1.299422130139660325e+01 3.316540302046083610e+01
9.363491101625228907e+00 4.257150201718056337e+01 3.283574234772240175e+01
1.874268122637359824e+01 4.789475947020766000e+01 4.480906947345122404e+01
2.982266920219693418e+01 2.113702035509717803e+01 4.271806166746183919e+01
1.915207804599022623e+01 3.287932482011515845e+01 3.717026714787820652e+01
4.462500706976947384e+01 9.067244238230310671e+00 3.812748203953781001e+01
1.816167781473108889e+01 5.159506797115556509e+01 3.003202229225684050e+01
3.563884484129424379e+01 3.648737543242205561e+01 3.250629959725313967e+01
2.182820364039333683e+01 5.004846772575467639e+01 3.028461648314265631e+01
3.875232391684586730e+01 1.256948294476661410e+01 3.263512134475627136e+01
2.713022332544873549e+01 1.939183807015997019e+01 2.024446053970628867e+01
1.633174839756949126e+01 3.841573954006933889e+01 4.081754323553077768e+01
1.996012435624223968e+01 2.593584706569978593e+01 2.778150687893185378e+01
2.546918432398267740e+01 2.941580742908243096e+01 4.017632757436604152e+01
4.916526152537617378e+01 2.942667676252765219e+01 2.407465852337399781e+01
2.524475246362337444e+01 3.064406885102075151e+01 3.918366336095237301e+01
3.561575063153767928e+01 3.501427101116169638e+01 2.575542243763534600e+01
4.739765250273978836e+01 1.544578484854448241e+01 3.116380672172140009e+01
5.311002322291311373e+01 2.839146540181866385e+01 3.407602840438828196e+01
1.933212036417327795e+01 4.515023891661275712e+01 2.010811281723955446e+01
2.218449041818181300e+01 3.235270141686323342e+01 2.647329491525080059e+01
4.648402817675496124e+01 2.267095085861972947e+01 4.152183315169720856e+01
2.136507444088536545e+01 3.438198195562127779e+01 2.565295954934727973e+01
3.636010660886072543e+01 1.477984787822052759e+01 3.793158337902643495e+01
3.989681961355356776e+01 1.606885731018190810e+01 4.019294254726203519e+01
2.434505795024247021e+01 2.277778796472996703e+01 4.155519495967616450e+01
3.918964394264656903e+01 2.901536482352820556e+01 2.214273613193646284e+01
1.616677576744197253e+01 5.145603475227726165e+01 3.389651117845194506e+01
1.475481634975001910e+01 3.096721523871622139e+01 3.648593283510790286e+01
4.779476337511874817e+01 1.141510636258812283e+01 4.124463830020813759e+01
5.154497038365686024e+01 1.152202055196744013e+01 3.968055200767174995e+01
2.317586652283976179e+01 3.423560977155499074e+01 2.622769177854956268e+01
2.771708129629668349e+01 1.567137632062461350e+01 4.275183376739030905e+01
2.178208873329775486e+01 4.554876149497918902e+01 2.177119618487903807e+01
